60
 52  20
 51  37
 26  19
 27  26
 11  28
 11  36
 35  25
 27  18
 21  27
 36  25
 17  30
 18  32
 56  20
 49  37
 35  30
 57  17
 31  38
 16  23
 40  22
 37  29
 26  20
 43  34
 44  26
 31  35
 40  40
 41  39
 50  42
 17  31
 44  25
 43  23
 27  21
 51  21
 52  17
 41  23
 42  20
 56  32
 10  28
 40  42
 36  35
 43  25
 54  17
 51  34
 44  29
 49  40
 27  44
 17  23
 52  37
 52  38
 36  26
 37  25
 37  16
 40  26
 39  37
 32  32
 16  31
 21  31
 48  24
 20  31
 53  30
  7  33
 53  31
 40  14
 32  25
 15  23
 31  33
 27  31
 11  35
 43  20
 37  28
 13  31
 24  21
 54  30
 13  24
 37  24
 49  20
  6  33
 48  37
  6  32
  8  32
 40  16
 12  26
 37  42
 18  33
 11  29
 27  24
 54  42
 20  34
 42  17
 39  36
 48  27
 40  39
 36  31
 26  27
 41  21
 13  26
 55  40
 24  43
 38  15
 26  31
 43  30
 15  29
 41  25
 51  25
 42  37
 54  31
 30  21
 53  43
 10  30
 46  17
  9  30
 49  17
 48  17
 35  22
 56  23
 56  22
 48  40
 56  38
 43  29
 48  25
 53  36
 54  19
 40  24
 17  25
 12  32
 37  33
 51  33
 55  17
 31  36
 35  23
 31  20
 41  20
 35  26
 19  24
 29  42
 13  32
 18  29
 37  31
 48  28
 54  37
 48  42
 27  22
 54  41
 24  31
 52  25
 29  43
 12  28
 40  19
 40  25
 49  29
 53  42
 42  29
 40  18
 27  27
 11  26
 52  29
 28  19
 51  22
 48  21
 30  35
  4  33
 28  28
 26  34
  2  33
 30  22
 28  20
 42  31
 41  36
 52  36
 40  13
 37  15
 27  28
  9  32
 53  37
 56  43
 42  25
 32  29
 28  25
 31  22
 50  33
 24  22
 40  27
 20  30
 55  24
 38  18
 34  22
 53  20
 30  33
 25  42
 41  29
 37  19
 31  40
 48  20
 43  22
 49  41
 43  17
 56  37
 31  24
 25  19
 38  41
 22  28
 41  24
 43  28
 48  22
 31  28
 50  29
 55  39
 48  29
 22  34
 55  38
 24  39
 49  38
 42  30
 30  34
 37  27
 52  30
 40  20
 20  33
 27  25
 39  13
 26  33
  3  33
 15  25
 32  27
 40  38
 31  30
 31  32
 42  19
  8  31
  6  34
 43  35
 53  25
 41  16
 52  32
  7  34
 15  30
 50  43
 53  41
 47  17
 44  17
  9  29
 28  22
 28  43
 52  41
 27  43
 40  17
 51  40
 48  41
 36  24
 40  35
 40  37
 36  22
 43  27
 12  34
  7  32
 35  31
 38  42
 53  29
 35  24
 26  37
 37  17
 12  31
 14  24
 15  24
 55  43
 32  26
 25  21
 18  30
 42  26
 12  27
 38  14
 31  39
 39  39
 51  30
 14  30
 26  36
 29  44
 56  21
 12  33
 22  32
  9  38
 42  22
 20  32
 11  34
 49  25
 37  22
 33  23
 42  35
 26  29
 26  18
 49  33
 11  30
 24  38
 26  28
 50  30
 37  21
 17  24
 49  21
 27  33
 54  43
 40  33
 36  27
 23  28
 55  33
 23  33
 36  29
 19  25
 31  29
 56  40
 19  31
 35  28
  9  37
 11  31
 42  36
 14  29
 51  43
 13  25
 56  30
 22  26
 11  27
 37  30
 18  24
 39  14
 43  32
 25  31
 56  42
 42  24
 40  41
 58  17
  5  34
 30  43
 31  21
 16  24
 49  39
  9  31
 41  41
 54  21
 49  34
 49  22
 15  31
 41  17
 22  27
 32  28
 38  16
 55  21
 51  41
 39  41
 40  21
 52  42
 41  22
 34  24
 51  29
 27  29
  8  30
 25  22
 55  22
 25  30
  0  33
  4  34
 20  25
 39  17
 31  34
 19  33
 51  24
 52  39
 26  32
  5  32
 37  18
 45  17
 56  39
 21  32
 26  21
 39  16
 48  38
 30  42
 59  16
 43  24
 23  27
 14  26
 41  31
 36  33
  1  34
 26  35
 51  42
 28  26
 37  26
 24  41
 55  42
 50  25
 40  15
 23  32
 28  27
 48  39
  9  39
 42  32
 44  31
 48  36
 23  41
 41  28
 27  19
 35  34
 25  41
 52  40
 27  30
 55  36
 21  34
 16  29
 25  20
 31  23
 49  36
 10  31
 59  15
 20  26
 51  17
 17  32
 38  17
 55  32
  1  33
 55  31
 13  33
 13  30
 44  24
 54  25
 24  23
 31  26
 52  23
 18  31
 19  29
 10  37
 40  31
 58  16
 35  21
  8  33
 41  18
 36  34
 43  31
 27  20
 28  44
 16  25
 56  31
 49  42
 14  25
 26  22
 10  38
 53  32
 19  32
 52  22
 40  28
 43  21
 41  38
 32  23
 10  36
 51  39
 56  17
 54  36
 40  36
 52  43
 31  27
 36  30
 41  26
 55  41
 54  20
 41  27
 32  31
 41  19
 40  34
 41  40
 55  37
 31  25
 53  17
 24  42
 21  26
 39  15
 54  32
 32  30
 26  30
 41  30
 52  34
 14  31
 36  28
 52  21
 44  30
 35  27
 42  33
 55  23
 20  29
 42  28
 53  19
 42  38
 55  30
 24  32
 28  29
 58  15
 17  29
 40  29
 55  25
 25  44
 28  24
  7  31
 44  23
 43  26
 39  42
 36  23
 42  34
 18  25
 52  33
 14  32
 37  32
 40  32
 27  23
 16  30
 44  28
 24  40
 30  41
 43  33
 51  38
 10  35
 40  30
 53  33
 41  37
 25  43
 35  33
 32  36
 35  35
 37  20
 49  23
 27  34
 28  23
 50  41
 35  29
 36  32
 50  34
 21  33
 19  30
  5  33
 10  29
 21  30
 42  21
 44  27
 54  33
 34  23
 48  34
 35  32
 29  22
 31  41
 55  20
 50  17
 32  37
 53  21
 32  24
 23  31
 40  23
 12  25
 31  31
 13  27
  3  34
  2  34
 38  43
 27  32
 39  40
 24  24
 42  27
 40  43
 49  24
 39  38
 41  35
 30  20
 26  44
 49  28
 42  18
 22  33
 28  21
 42  23
 26  43
 50  28
 22  31
 54  29
 48  23
 51  23
